1728379505176 0.19306369125843048 1
1728379551704 0.04900749400258064 2
1728379597342 0.036833472549915314 3
1728379644364 0.028712322935461998 4
1728379690227 0.022132184356451035 5
1728379736243 0.018477657809853554 6
1728379784680 0.01652803272008896 7
1728379833281 0.012778036296367645 8
1728379877976 0.012158561497926712 9
1728379923750 0.012665404006838799 10
1728379969199 0.011737420223653316 11
1728380015179 0.010005739517509937 12
1728380061885 0.007543651852756739 13
1728380107587 0.00992459524422884 14
1728380153193 0.00669908756390214 15
